# Mathematical Constants
PI <- 3.14159265358979
PI2 <- 2 * PI

# Radians to degrees
RAD2DEG <- 180 / PI

# Degrees to radians
DEG2RAD <- PI / 180

# Radians to hours
RAD2HR <- 12 / PI

# Arcseconds to radians
ARCSEC2RAD <- 4.848136811095359935899141E-6

# Radians to arcseconds
RAD2ARCSEC <- 206264.79821012

# Seconds per Day
SECDAY <- 86400

# Hours to radians
HR2RAD <- PI / 12

# Radians to hours
RAD2HR <- 12 / PI

# Astronomical Constants

# Astronomical Unit in Kilometers
KM2AU <- 149597870.7

# Astronomical Unit in Meters
M2AU <- 1.495978707E11

# Speed of Light in KM per sec
CLIGHT <- 299792.458

# Speed of Light in AU / day
CAUD <- 173.144633

# Gaussian Gravitational Constant
GAUSSK <- 0.01720209895

# EMRAT
EMRAT <- 81.3005690741906

# MUC
MUC <- 2 * GAUSSK * GAUSSK / CAUD * CAUD

# Equatorial Radius of the Earth in meters
EARTHRADM <- 6378140.0

# Equatorial Radius of the Earth in kilometers
EARTHRADKM <- EARTHRADM / 1000

# Equatorial Radius of the Earth in AU
EARTHRADAU <- EARTHRADM / 1000 / KM2AU

# Flattening of the Earth's reference ellipsoid (IAU 1976)
FLAT <- 1 / 298.257

# Julian day for J2000
EPOCHJ2000 <- 2451545.0

# Days per julian century
DAYSJULCENT <- 36525

# Rotational angular velocity of the Earth in radians/second
ROTANGVELEARTH <- 7.29211511467e-5

GREGORIANREFORMJDN <- 2299161

